((("conn" .
   [5 0 0 0])
  ("f" .
   [1])
  ("r" .
   [1])
  ("root" .
   [3 0 0 0])
  ("j" .
   [1])
  ("jdbc" .
   [1 0 0 0])
  ("b" .
   [1])
  ("break" .
   [1 0 0 0 0])
  ("server-start" .
   [1 0 0 0 0 0 0 0 0 0 0 0])
  ("global-unset-key" .
   [0 0 0 0 0 0 0 0 0 1 0 0 0 0 0 0])
  ("global-hi-lock-mode" .
   [0 0 0 1 0 0 0 0 0 0 0 0 0 0 0 0 0 0 0])
  ("undo-tree" .
   [0 0 0 0 1 0 0 0 0])
  ("dbg" .
   [1 0 0])
  ("args" .
   [2 0 0 0])
  ("&args" .
   [1 0 1 0 1])
  ("int-add" .
   [0 0 0 0 1 0 1])
  ("int" .
   [5 0 0])
  ("condition" .
   [1 0 0 0 0 0 2 0 0])
  ("candidate" .
   [2 0 0 0 0 0 0 0 0])
  ("div-little2" .
   [2 0 0 0 0 0 0 0 0 0 0])
  ("light" .
   [1 0 0 0 0])
  ("coll?" .
   [0 0 0 0 1])
  ("rest" .
   [2 0 0 0])
  ("recur" .
   [2 0 0 0 1])
  ("acc" .
   [24 0 8])
  ("accessor" .
   [0 0 0 5 0 0 0 0])
  ("empty?" .
   [2 0 0 0 0 2])
  ("seq" .
   [1 0 0])
  ("loop" .
   [5 0 0 0])
  ("init" .
   [2 0 0 0])
  ("fn" .
   [7 0])
  ("conj" .
   [4 0 0 1])
  ("first1" .
   [1 0 0 0 0 0])
  ("1st" .
   [1 0 0])
  ("println" .
   [3 0 0 0 0 0 1])
  ("prn" .
   [1 0 0])
  ("doseq" .
   [2 0 0 0 0])
  ("nth" .
   [3 0 0])
  ("swap!" .
   [1 0 0 0 0])
  ("dotimes" .
   [0 0 0 1 0 0 0])
  ("atom" .
   [1 0 0 0])
  ("pr" .
   [3 0])
  ("print" .
   [7 0 0 2 2])
  ("100" .
   [1 0 0])
  ("range" .
   [3 0 0 0 0])
  ("prueba1" .
   [0 0 0 0 1 0 0])
  ("reduce" .
   [4 0 0 0 0 0])
  ("defn" .
   [18 0 0 2])
  ("true" .
   [2 0 0 0])
  ("joy.gui.DynaFrame" .
   [0 0 0 1 0 1 0 0 0 0 0 0 0 0 0 0 0])
  ("javax.swing" .
   [0 0 0 0 0 0 0 0 0 0 1])
  ("init-proxy" .
   [0 0 0 0 1 0 0 0 0 0])
  ("String" .
   [1 0 0 0 0 1])
  ("nil" .
   [1 0 0])
  ("TreeNode." .
   [0 0 0 0 0 0 0 0 1])
  ("cond" .
   [0 0 0 1])
  ("cons" .
   [0 0 0 1])
  ("Json" .
   [0 0 0 1])
  ("property" .
   [1 0 0 0 0 0 0 0])
  ("self" .
   [1 0 0 0])
  ("new" .
   [0 0 1])
  ("Array" .
   [1 0 0 0 0])
  ("range_of_values" .
   [2 0 0 0 0 1 0 0 0 0 0 0 0 0 0])
  ("super" .
   [1 0 0 0 0])
  ("resource" .
   [1 0 0 0 0 0 0 1])
  ("initialize" .
   [0 0 0 1 0 0 0 0 0 0])
  ("day_counter" .
   [0 0 0 1 1 0 0 0 0 0 1])
  ("unless" .
   [1 0 0 0 0 0])
  ("day" .
   [2 0 1])
  ("to_s" .
   [2 0 0 0])
  ("parse" .
   [1 0 0 0 0])
  ("Date" .
   [3 0 0 0])
  ("x_axis_values" .
   [0 0 0 0 1 0 0 0 0 0 0 0 1])
  ("each" .
   [1 0 0 0])
  ("puts" .
   [6 0 0 0])
  ("axis" .
   [0 0 0 1])
  ("chart" .
   [2 0 0 0 0])
  ("attr_accessor" .
   [0 0 0 0 0 0 0 0 0 0 0 0 2])
  ("point_of_graph" .
   [0 0 0 2 0 0 0 0 0 0 0 0 0 0])
  ("s" .
   [1])
  ("date" .
   [3 0 0 0])
  ("d" .
   [6])
  ("date_end" .
   [1 0 0 0 0 0 1 5])
  ("date_start" .
   [2 0 0 0 0 1 0 0 1 8])
  ("date_range_end" .
   [0 0 1 0 0 0 0 0 0 0 0 0 0 0])
  ("date_range_start" .
   [0 0 0 0 0 0 0 0 0 0 0 0 0 1 2 0])
  ("DATA" .
   [2 0 0 0])
  ("compare" .
   [2 0 0 0 2 1 1])
  ("params" .
   [1 0 0 0 0 0])
  ("n" .
   [1])
  ("param" .
   [1 0 0 0 0])
  ("debugger" .
   [4 0 2 2 1 1 2 1])
  ("agency_name" .
   [0 0 0 0 0 0 0 1 0 0 0])
  ("agenc" .
   [0 0 0 0 1])
  ("first" .
   [7 0 1 0 0])
  ("name" .
   [5 0 0 1])
  ("com" .
   [2 0 1])
  ("Integer" .
   [1 0 0 0 0 0 0])
  ("IsTrackable" .
   [0 0 1 0 0 0 0 0 0 0 0])
  ("color-theme-desert" .
   [0 0 0 0 1 0 0 0 0 0 0 0 0 0 0 0 0 0])
  ("p" .
   [2])
  ("do" .
   [2 0])
  ("case" .
   [1 0 0 0])
  ("Math" .
   [1 0 1 0])
  ("require" .
   [2 0 0 0 1 0 2])
  ("open" .
   [1 0 0 0])
  ("file" .
   [0 0 0 1])
  ("def" .
   [11 0 0])
  ("END" .
   [0 0 4])
  ("end" .
   [0 0 6])
  ("if" .
   [16 0])
  ("else" .
   [0 0 0 1])
  ("config/environment" .
   [0 0 0 0 0 0 0 0 0 0 0 0 0 0 0 0 0 1])
  ("ElectedOfficial" .
   [0 0 0 1 0 0 0 0 0 0 0 0 0 0 0])
  ("create" .
   [0 0 0 0 0 1])
  ("bs" .
   [1 0])
  ("class" .
   [1 0 0 0 0])
  ("1.2.0-beta1" .
   [0 0 0 0 0 1 0 0 0 0 0])
  ("display" .
   [0 0 0 0 0 0 1])
  ("gui" .
   [1 0 0])
  ("div-little" .
   [0 0 0 2 3 0 2 0 0 2])
  ("num" .
   [5 0 0])
  ("let" .
   [14 0 0])
  ("current-divisors" .
   [1 0 2 1 4 0 0 1 0 0 0 0 0 0 0 0])
  ("mod" .
   [4 0 0])
  ("inc" .
   [15 0 0])
  ("deftest" .
   [5 0 0 0 0 1 1])
  ("is-prime?" .
   [1 0 0 2 1 2 0 0 0])
  ("is" .
   [6 0])
  ("id" .
   [1 0])
  ("div" .
   [1 0 0])
  ("divisors" .
   [0 0 0 0 1 1 0 2])
  ("13" .
   [4 1])
  ("defmacro" .
   [4 0 0 3 2 5 3 1])
  ("body" .
   [2 0 0 0])
  ("when" .
   [1 0 0 0])
  ("aset" .
   [0 0 1 0])
  ("tasks" .
   [3 0 0 0 1])
  ("count" .
   [1 0 0 0 0])
  ("take" .
   [1 0 0 0])
  ("repeatedly" .
   [0 0 0 0 0 1 0 0 0 0])
  ("promise" .
   [1 0 0 0 0 0 0])
  ("deliver" .
   [1 0 0 0 0 0 1])
  ("promises" .
   [2 0 0 0 0 0 0 0])
  ("dothreads" .
   [0 0 0 0 0 0 0 0 1])
  ("for" .
   [2 0 0])
  ("filter" .
   [2 0 0 0 0 0])
  ("comp" .
   [6 0 0 0])
  ("feed" .
   [1 0 0 0])
  ("->" .
   [2 0])
  ("item" .
   [1 0 0 0])
  (":content" .
   [1 0 0 0 0 0 0 0])
  ("str" .
   [1 0 0])
  ("keyword" .
   [0 0 0 0 1 0 0])
  ("list" .
   [1 0 0 0])
  ("the" .
   [1 0 0])
  ("map" .
   [2 0 0])
  ("prime-number" .
   [0 0 0 0 1 1 1 0 0 0 0 0])
  ("can" .
   [1 0 0])
  ("compute" .
   [3 0 0 0 0 0 0])
  ("compute-nth-prime" .
   [1 0 0 0 0 0 4 0 0 1 0 0 0 0 0 0 2])
  ("compute-next-prime" .
   [0 0 0 0 0 0 0 0 0 0 2 2 0 0 0 0 0 0])
  ("test-for-prime" .
   [0 0 1 2 0 1 0 0 0 0 0 0 0 0])
  ("cm" .
   [1 0])
  ("firm" .
   [6 0 0 2])
  ("Firm" .
   [1 0 0 1])
  ("as" .
   [1 0])
  ("partial" .
   [3 0 0 1 2 0 1])
  ("current-pass" .
   [1 0 0 0 0 0 0 0 0 0 2 1])
  ("defn-" .
   [0 0 0 0 1])
  ("printa" .
   [0 0 0 0 0 1])
  ("struct" .
   [0 0 0 0 1 0])
  ("structure" .
   [0 0 0 0 0 0 0 1 0])
  ("obj" .
   [2 0 0])
  ("keys" .
   [0 0 0 1])
  ("apply" .
   [1 0 0 0 0])
  ("sqr" .
   [1 0 0])))
